2785367
2858450
3039039
5229642
5469901
5477323
5712618
5865681
5874617
5878118
5888437
6007398
6011727
6097478
6287106
6326121
6384535
6417102
6526978
6581559
6585887
6596050
6597619
6599927
6602730
6694048
6701476
6705382
6708939
6712507
6731739
7250971
7396722
7433360
7437071
7441801
7447345
7451809
8069449
8583662
9314675
9652475
9656636
10047374
10178494
11205067
11240190
11474340
11508192
11525701
11534377
11547980
11552067
11557359
11638464
12012839
12017401
12034564
12046026
12052310
12054612
12148119
12157028
12161240
12179599
12353179
12380362
12384155
12557960
12641009
12781635
12794165
12866574
12986217
13019904
13035942
13039889
13041701
13045989
13050050
13054134
13058457
13062194
13076020
13094301
13096663
13118155
13183805
13187433
13250177
13999616
14022031
14118801
14255577
14259740
14714005
14836029
15215415
15244341
15277123
15293581
15297969
15302319
15305519
15310575
15328984
15332393
15352759
15363081
15372713
15389580
15408590
15680792
15684384
15695302
16060330
16064112
16070052
16074534
16078367
16099561
16104339
16178870
16201967
16411621
16414804
16467809
16470492
16581309
16584617
16632523
16636401
16640347
16643749
17178940
17266414
17614579
17618101
17627144
17649958
17654565
17933950
17938375
17950169
17953843
17962944
17972484
18043617
18052545
18057148
18694902
18728799
18736826
18753758
18757990
18767020
18786202
18795368
18800615
18809829
18823498
18837279
18841594
18858373
18872520
18875915
19366601
19462670
19467556
19514664
19519149
19525823
19531723
19691811
19695530
19751052
19769040
19919836
19923428
19940702
20007346
20209558
20268592
20273762
20284832
20307654
20311205
20320638
20363238
20431914
20435443
20438990
20442530
20447160
20514974
20518989
20580972
20595661
20622561
20625958
21104734
21124223
21141455
21145909
21163792
21189107
21193255
21197180
21210309
21223022
21227052
21240577
21279991
21284211
21287838
21292709
21303728
21307999
21311866
21388661
21460389
21468362
21472604
21476327
21485539
21501315
21508527
21511973
21516113
21664165
21670001
21681127
21686408
21690769
21696249
21701489
21706542
21713002
21750657
21839448
21955276
22454075
22465333
22469667
22479369
22542731
22563219
22614358
22643618
22686790
22690226
22695265
22698932
22724261
22729840
22738995
22776158
22923850
23336848
23340129
23346377
23350477
23428624
23432613
23436979
23439240
23744421
23973061
24201446
24205729
24243537
24252083
24261603
24274072
24284156
24287971
24291594
24307702
24412096
24666932
24708380
24712647
24723070
24739543
24753259
24760433
24773957
24777960
24792925
24796703
24801186
24811221
24815393
24820490
24826081
24839941
24891116
25037056
25060678
25353015
25392927
25401883
25413014
25494996
25498508
25503736
25521095
25524954
25603854
25614657
25649280
25655200
25657274
25666907
25673819
25679468
25683900
25702236
26182636
26251021
26254251
26257975
26262099
26281562
26285445
26368496
26373163
26376779
26381554
26390774
26394594
26398924
26403372
26441702
26459838
26478087
26482357
26527157
26537840
26542112
26626491
26630534
26808662
26813125
26832667
26836989
26843224
26847678
26993927
26998630
27008957
27012744
27029578
27043187
27046639
27050189
27059583
27098982
27145270
27149053
27153154
27168840
27178408
27181885
27345230
27356176
27379098
27383944
27386218
27402121
27585985
27626418
27639954
27645101
27672609
27687479
27700898
27705334
27709193
27720041
27731532
27738053
27748119
27751333
27753945
27790501
27793590
27801276
27804727
27808345
27872834
27877185
28056062
28059069
28094471
28219318
28260577
28268429
28283205
28296762
28315930
28324516
28331572
28335276
28340921
28350114
28353421
28365319
28373325
28379232
28382237
28386088
28399396
28464398
28472711
28478811
28502721
28574460
28586799
28590814
28594145
28601086
28604708
28612349
28623960
28639349
28644626
28649021
28670765
28686325
28862172
28940897
28950542
28953801
28957641
28965305
28969857
28974362
28978392
29065745
29094311
29098140
29123435
29144341
29147862
29150973
29170126
29181240
29268924
29381384
