5469799
5865579
5999123
6006395
6011626
6097543
6118372
6350247
6596094
6599902
6602813
6694026
6705597
6708839
6712498
6731173
6747625
6755085
6773090
6778301
6790355
6794072
7250895
7254521
7337074
7340342
7397019
7430205
7432874
7446442
7451789
7454739
7458869
8825634
9105846
9196375
9232092
9235899
9243996
10599020
10614707
10622013
10626757
10654893
10657003
10671568
11205245
11474355
11508256
11534362
11548375
11552214
11638501
11641222
12052359
12065835
12184260
13039835
13073719
13186720
14118954
15266045
15280207
15293352
15298044
15302228
15323047
15328672
15343681
15352763
15357640
15388828
15399354
15408597
15680857
15684251
15687351
15735940
15749824
15756915
16104368
16471324
16476093
16497587
16581376
16620024
16624716
16632144
16635632
16640303
17189731
17654648
17934063
17938322
17942737
17945979
17949938
17953464
17957950
17963280
17971797
18728042
18749186
18785095
18800643
18808998
18814465
18823500
18836952
18841110
18853741
18858154
18871205
18874482
18885210
18889737
18894213
18916007
18923842
18930120
19691543
19750766
20238490
20242774
20251412
20255312
20268157
20284791
20287915
20301609
20307285
20310723
20315831
20514321
20599903
20602947
20620276
20625955
21149795
21162940
21188856
21193184
21197037
21201455
21210255
21227015
21266707
21275355
21279435
21284187
21287859
21292165
21303132
21307740
21311873
21316263
21319760
21376596
21380602
21383845
21388562
21468174
21472535
21485837
21508847
21516303
21546147
21551154
21564225
21576020
21633319
21660285
21677356
21681256
21686659
21690593
21696470
21700981
21705838
21716538
21728750
21730705
21736966
21746306
21762780
21773875
21812597
21839439
21954734
21966467
22614421
22627678
22639812
22643661
22730217
22738867
22776216
22899557
22923875
22928132
22935265
22940118
22952365
22974855
22979634
23332899
23336871
23340103
23346661
23350748
23363905
23396306
23414651
23420094
23422301
23428583
23432510
23436746
23973449
24753285
24760514
24769451
24774160
24778257
24796508
24801280
24803191
24811238
24815444
24822595
24827355
24831525
24839679
24848941
24882121
24885810
25037205
25044795
25049056
25057094
25060554
25070803
25099223
25103178
25111490
25112554
25120041
25149879
25153628
25278758
25293174
25297688
25335521
25337577
25340360
25345466
25360366
25386150
25393127
25403254
25412973
25425511
25432673
25451409
25465920
25470085
25473748
25494851
25502722
25506273
25519366
25525063
25603923
25613691
25637248
26441605
26459864
26482823
26490883
26626795
26630643
26645817
26809554
26832805
26836944
26839738
26847552
26851260
26856275
26994675
27000393
27008997
27012689
27017609
27022803
27026573
27029596
27034865
27043080
27059428
27068515
27074158
27078887
27094905
27104087
27145522
27149240
27155039
27164952
27168717
27174120
27178018
27185393
27190678
27199235
27214110
27233145
27236666
27248385
27251984
27293937
27687138
27700680
27704718
27708766
27719990
27730905
27738242
27745019
27748702
27755088
27804880
28094504
28212715
28216088
28218675
28223293
28228557
28232898
28234942
28251198
28267273
28502542
28575122
28578790
28582098
28586336
28590316
28593232
28597883
28601651
28605315
28623683
28632984
28639459
28643802
28651906
28666462
28670841
28686310
28696754
28862503
28875285
28891373
28937729
28940896
28945705
28949816
28957445
29167064
29169874
29269149
