947702
1000834
1381356
1872001
2125438
3015347
3017342
3031852
3045913
3050452
3054872
3060242
3063395
4547243
4576819
4598992
5048869
5064644
5080718
5093929
5096254
5101161
5105353
5115199
5194059
5220573
5225153
5229509
5712861
5790577
5845740
5850014
5858442
5861650
5868983
5873232
5878092
5888625
6417732
6577032
6579501
6585778
6590784
6597556
6602867
6610287
6613924
6617911
6622451
6631359
6689588
6693668
6699998
6712430
6731270
7433121
7437166
7443792
7446639
7454062
7458682
7462673
7470712
7487943
7538102
7571724
9315001
9345145
9661360
9669538
9673826
9680336
10182781
10187054
10196753
10201829
10212989
10560476
10564278
11548024
11631864
11637895
11651938
11659834
11790108
11814665
11818630
11833478
11851077
12008558
12014365
12017484
12027266
12031032
12035263
12046188
12052234
12136900
13039726
13041585
13053991
13056567
13061477
13064710
13068868
13073548
13076617
13089733
13116568
13121691
13179618
13200325
13204256
13208673
13249912
13257932
13682831
14256204
14720247
14723931
14737184
14836029
14906121
14917152
14921415
14924066
14933779
14938006
14953645
14958369
14967588
15215250
15219864
15228548
15244797
15247706
15252622
15263132
15265769
15268498
15273029
15276342
15280199
15293055
15297151
15302058
15305516
15310444
15328945
15348823
15351936
15361994
15364552
15366860
15370830
15384509
15389224
15399297
15684223
15695414
15699257
16070604
16074221
16078649
16099547
16103977
16109494
16120266
16179562
16412180
16414952
16419482
16424487
16470398
16632717
16636309
16639940
16643011
16651053
16652801
16656426
16662610
16665723
16676723
16681693
16685871
16688895
16692821
16695828
16698646
16703445
17178725
17189625
17197520
17204082
17328215
17399513
17490339
17515903
17530589
17649624
17654482
17953524
18043615
18215265
18219701
18223868
18226942
18232027
18235835
18241254
18246392
18257292
18261208
18264836
18307479
18434045
18437270
18442172
18451643
18454413
18694913
18719837
18721756
18728274
18736234
18738302
18749414
18757900
18762244
18766243
18786379
18800562
18808993
18823447
20292093
20296470
20303457
20312637
20316005
20320277
20322882
20326188
20329307
20357973
20363134
20367192
20373533
20380722
20431590
20433476
20437523
20442538
20447411
20621397
20639925
20643466
21092524
21096100
21115810
21120192
21127573
21131983
21137064
21141321
21145808
21149504
21154150
21158592
21163074
21167170
21172482
21177588
21197003
21200717
21205199
21210125
21223144
21226769
21236004
21240387
21249128
21274766
21303700
21472664
21512125
21677446
21681245
21963774
21981038
21986038
22027831
22032293
22055445
22060017
22081551
22089644
22103723
22599930
22614376
22627769
22635380
22644230
22647937
22661303
22677368
22682666
22686607
22690211
23346524
23350879
23452798
23541382
23594801
23745189
23969254
23972925
23978083
24020016
24029141
24201443
24373338
24376551
24378443
24383450
24388623
24394394
24397767
24407730
24411483
24419968
24424339
24604827
24608556
24612817
24620452
24624649
24666325
24708018
24713239
24718098
24725262
24730504
24735531
24738910
24743483
24746263
24753148
24760717
24765270
24769314
24773718
24777685
24781333
24784652
24788308
24792415
24796560
24801317
24803947
24811302
24815694
24822785
25615226
25628867
25634869
25636809
25649254
25651672
25655509
25665444
25673665
25679357
25683825
25697508
25702167
25714942
25869615
25928301
25936363
25945826
25983178
26024462
26053209
26058142
26083583
26087004
26115273
26119260
26125027
26133528
26151198
26155620
26165986
26178047
26182413
26187251
26191501
26193230
26205609
26236736
26250301
26403412
26441518
26473704
26847822
26998750
27043112
27386268
27401253
27473645
27476097
27477335
27481165
27499095
27504293
27508628
27513490
27517924
27527151
27540871
27590364
27648473
27652696
27658596
27687285
27688929
27699654
27704761
27708832
27719965
27730611
27737875
27745068
27748755
28325415
28334940
28340572
28344791
28353312
28357799
28364939
28369169
28373218
28382132
28386982
28391269
28398357
28420984
28430726
28433777
28437422
28441727
28445678
28455594
28459788
28463471
28466456
28472494
28477395
28578741
28582200
28597904
28601116
29177458
29180668
29184652
29189591
29195150
29198894
29206645
29210474
29213150
29218170
29226780
29230726
29255645
29269108
