842959
848083
851251
870126
873525
880207
884078
897377
900742
1803689
1869235
1872781
1877197
1880111
1883251
1884865
1912623
1926844
1973534
1981387
1984834
1989065
1993798
1997691
2029238
2038166
2055117
2060590
2064609
2068153
2080728
2718598
2721870
2975971
2984760
2988637
2995023
2998570
3007874
3040429
3045115
3056329
3064137
3067332
3071787
3076529
3080240
3086615
3101680
3106788
3112139
3115460
3119444
3123576
3173720
4459209
4476629
4538799
4547447
4560410
4577551
4589968
4604891
4668211
4677326
4681435
4684958
4692981
4716099
4718951
4722178
4756672
4761197
4764206
4778235
4906020
4916949
4921132
5028023
5036908
5041388
5045031
5048591
5057215
5064676
5217289
5709312
5712533
5763084
5781186
5786345
5790359
5844928
5850810
5868918
5873362
5985589
5990155
6365365
6384950
6390256
6413177
6417416
6566671
6569865
6573429
6577186
6579780
6586930
6594410
6603246
6606079
6611687
6617292
6697237
6702755
7100588
7397377
7429858
7433119
7437401
7443885
7446706
7459763
7463286
7467117
7471154
7475702
7484426
7493558
7495530
7504174
7509709
7514422
7522562
7548568
9382003
9396346
9424770
10128681
10282493
11681274
11731137
11761940
11798728
11828811
11833566
11836224
11846478
11851038
11862473
11867200
11877368
11911769
11928706
11936389
11946688
11961150
11984667
12000362
12008497
12148035
12152869
12161280
12176149
12652845
12684117
12724821
12739847
12771412
12775853
12781616
12790010
12991832
13004952
13010970
13019774
13035460
13038620
13045599
13049916
13053602
13057984
13061734
13065698
13089741
13093882
13096758
13118086
13183365
13187859
13249893
13254949
13257871
13262315
13271783
13275833
13283300
13288439
13363420
13525217
13926599
14256466
14697454
14702029
14720850
14737573
14756256
14761191
14765923
14768874
14772970
14777456
14780356
14784780
14786437
14791083
14812465
14835681
14972829
14981062
15003866
15011218
15015800
15032660
15077540
15085504
15113887
15117620
15164144
15176633
15244326
15297930
15302315
15307452
15329728
15339183
15347402
15352798
15356716
15372486
15409304
15552863
15556087
15684095
15775088
15912398
16061498
16065053
16069904
16074148
16085527
16099382
16109022
16114979
16119828
16167203
16411038
16415325
16419313
16424731
16428290
16440249
16457922
16462348
16467308
16471148
16621085
16632569
16636535
16639838
16643620
16646610
16678834
16690090
16694684
16703107
16712077
16715844
16727322
16729083
16732292
16778287
16945780
17179233
17189760
17197317
17206969
17266466
17490239
17905304
18044747
18057700
18102839
18443657
18459879
18463104
18471034
18475101
18479660
18496834
18566333
18597447
18670915
18694703
18858646
19284785
19462566
19467298
19480643
19518665
19525699
19531664
19553693
19556903
19993863
20006912
20243214
20268904
20277110
20304009
20311269
20320823
20363253
20372819
20427088
20431633
20435048
20439017
20442658
20453805
20479632
20501211
20519651
20595584
20620110
20623240
20626803
20631839
20821453
21041549
21089164
21093053
21096745
21100600
21104816
21124058
21142068
21163551
21188713
21193042
21197966
21201150
21400246
21409859
21424056
21431322
21670050
21674267
21826984
21870609
21958713
21961868
21964443
21993494
21997902
22031653
23453434
23456931
23475863
23540972
23593778
23712083
23725391
23744596
23948557
23972634
24025582
24058697
24095475
24201592
24205790
24215023
24219062
24261170
24412735
24507612
24609454
24621224
24625491
24630898
24634454
24638894
24661550
24666183
24681835
24684947
24694898
24699491
24703803
24707929
24712586
24722885
24730990
24739035
24743444
24746908
24753281
24761044
24765704
24769351
24773939
24777867
24788767
24790809
24796724
24801272
24819631
24927513
24990720
25234304
25266257
25503904
25516815
25521320
25596049
25614835
25622057
25628877
25633950
25637251
25651918
25655400
25664473
25672956
25679438
25683836
25690494
25702089
25709873
25713438
25804606
25863293
25942961
26263477
26281610
26369011
26403381
26408680
26441777
27356423
27379080
27395695
27399309
27402859
27410381
27419267
27431429
27528009
27550616
27563707
27571871
27585756
27590243
27597459
27626070
27687408
27700705
27705324
27719956
27731633
27738444
27745006
27789503
27797310
28071261
28141698
28202764
28220259
28268422
28276785
28282853
28298633
28316045
28325246
28335053
28340909
28346166
28353852
28356301
28364958
28368967
28374145
28377769
28382293
28388130
28399922
28420938
28428116
28430778
28434136
28478563
28502380
28566572
28574369
28578670
28594645
28598241
28604601
28950721
28966028
28971695
29065486
29097434
29148496
29154305
29164807
29173725
29177873
29186210
29189773
29198127
29202267
29206403
29217610
29268749
29370454
29381138
29475866
