883992
901287
917225
948116
952498
988157
1000727
1775806
1863334
1867472
1869250
1874743
1880170
1988729
2620635
3063575
3080360
3093053
3107085
3129698
3255652
3259314
3262923
3266599
3270509
3275274
3278951
3283573
3288384
3296363
3340062
3860011
4457880
4467271
4475290
4538794
4543322
4547197
4555002
4559291
4563889
4576855
4580414
4585346
4589249
4599348
4603654
4664368
4668298
4672169
4676415
4684423
6287095
6526961
6539485
6708887
6823346
6837505
6850232
7182943
7185489
7188943
7250761
7336983
7396683
7530533
7537920
7545693
7548711
7572246
9746315
10047393
10178545
10187011
10370540
10718862
10741241
11156672
11159505
11166588
11170066
11173955
11506972
11514843
11519752
11523789
11528368
11532519
11562016
11632115
11648038
11777919
11798419
11803349
11819153
11822716
11828373
11833436
11839282
11842645
11851035
11854311
11862491
12353326
12380065
12838404
12867125
12986232
13020407
13249982
13300499
13362567
13467627
13540462
13546354
13673620
13677338
13682490
13686265
13690304
14378086
14835899
14888433
14892892
14897331
14902058
14907749
14950519
14955061
14959329
14963344
14967614
14971661
14980595
14998826
15002426
15006956
15010997
15015535
15027979
15175760
16225181
16231868
16245436
16248667
16410880
16581386
16619858
16628924
16632232
16640411
16678636
16746378
16752347
16756292
16772415
16775821
16784343
16810519
16815635
16965623
16968514
16978859
16982159
16985623
16989855
17177147
17189692
17200604
17207118
17214977
17219207
17241340
17328148
17399587
17480934
17485866
17490145
17498702
17503376
17515479
17654615
17696516
17700934
17997744
18043718
18207927
18219784
18223961
18236705
18265531
18294135
18307650
18424642
18430264
18433723
18436748
18442397
18446994
18450916
18454389
18457750
18461854
18475115
18501623
18601499
18894260
18911729
19191928
19337237
19379285
19525982
19528164
19531656
19691816
19695671
19698824
19769038
19915111
19919668
19923446
20007723
20033044
20097288
20109527
20122383
20171850
20186831
20191139
20209688
20222686
20229546
20234879
20243208
20246595
20251348
20255454
20257720
20273548
20275270
20280112
20284710
20444114
20518903
20522978
20536915
20581362
20594031
20599706
20602916
20609212
20616056
20642463
20688568
20692591
20740875
20817300
20820881
20969568
21092730
21100455
21249322
21266412
21279921
21287930
21292181
21303738
21307663
21312102
21316374
21319757
21327651
21333107
21337013
21343899
21347016
21354032
21376432
21380700
21383863
21388576
21409522
21413544
21418494
21428283
21432003
21472659
21485637
21508902
21516148
21524237
21681339
21690751
21700956
21708749
21712903
21724976
21729319
21750966
21809110
21812871
21827010
21839639
21842213
21854518
21868486
21949561
21952756
21984127
22032012
22055459
22072747
22752167
22764523
22767797
22771451
22775428
22779205
22783263
22787460
22790381
22798582
23050151
23054175
23057304
23061907
23063222
23331249
23346355
23541188
23592184
23744467
23945158
23969692
23977975
24019770
24023588
24028910
24407964
24411942
24420456
24423945
24604708
24608001
24612515
24620359
24624392
24631835
24638160
24660941
24666109
24707912
24811104
24822635
24848277
24911182
24924392
24979559
24990065
24998757
25010883
25036984
25278323
25335572
25337285
25341167
25345091
25349183
25353439
25360628
25366495
25369521
25381767
25386812
25392508
25401668
25494913
25498592
25502714
25520945
25525219
25603212
25613952
25641908
25702244
25728862
25738953
25755082
25866231
25869563
25873610
25877569
25881994
25927821
25931990
25937011
25945876
25983230
26020985
26024307
26028407
26032344
26035759
26053896
26058180
26080487
26083712
26087060
26090597
26093510
26097880
26119231
26441630
26474827
26479131
26487394
26490567
26495789
26498993
26507604
26511421
26526683
26531114
26533831
26538205
26546513
26551018
26553854
26559021
26563723
26674276
26848050
26959843
26964315
26969966
26973261
26977989
26994349
26998761
27005506
27023053
27386588
27473549
27481583
27499732
27508646
27513820
27517762
27526850
27533495
27537499
27540870
27543768
27545542
27558014
27571338
27589854
27704850
27709071
27737682
27801310
27805027
28059270
28094409
28207076
28211854
28216049
28218486
28233757
28251260
28267746
28269575
28281012
28297010
28316068
28320680
28324857
28331492
28341334
28353574
28365517
28421080
28425912
28502778
28508676
28517260
28556616
28570548
28574017
28582549
28586752
28598334
28604944
28624030
28632906
28640135
28644624
28648845
28652349
28670698
28797974
28862022
28937237
28940882
28950591
28953516
28961252
28965070
28970400
28978357
28999377
29093769
29097507
29121056
29143751
29150977
29169865
29189570
29206398
29235958
29255610
29260299
29265319
29273303
29381348
29441393
29469216
